+-----------------+----------------------+-----------------------+----------------------+-----------------------+
| Prediction Date | Lower 80% Prediction | Higher 80% Prediction | Lower 95% Prediction | Higher 95% Prediction |
+-----------------+----------------------+-----------------------+----------------------+-----------------------+
| 2014-01-19      |            275816.37 |             277006.65 |            275501.32 |             277321.69 |
| 2014-01-20      |            277320.38 |             279080.83 |            276854.42 |             279546.79 |
| 2014-01-21      |            278863.86 |             281115.54 |            278267.88 |             281711.52 |
| 2014-01-22      |            280423.05 |             283134.54 |            279705.36 |             283852.23 |
| 2014-01-23      |            281989.25 |             285146.53 |            281153.58 |             285982.21 |
| 2014-01-24      |            283558.28 |              287155.7 |            282606.09 |             288107.88 |
| 2014-01-25      |            285127.78 |             289164.39 |            284059.35 |             290232.82 |
| 2014-01-26      |            286696.34 |             291174.02 |            285511.17 |             292359.19 |
| 2014-01-27      |            288263.07 |             293185.49 |            286960.18 |             294488.37 |
| 2014-01-28      |            289827.35 |              295199.4 |            288405.45 |              296621.3 |
| 2014-01-29      |            291388.77 |             297216.17 |            289846.34 |             298758.59 |
| 2014-01-30      |            292947.04 |             299236.09 |            291282.43 |              300900.7 |
| 2014-01-31      |            294501.97 |             301259.35 |             292713.4 |             303047.92 |
| 2014-02-01      |            296053.42 |              303286.1 |            294139.05 |             305200.47 |
| 2014-02-02      |            297601.29 |             305316.42 |            295559.22 |             307358.49 |
| 2014-02-03      |            299145.52 |             307350.38 |            296973.82 |             309522.08 |
| 2014-02-04      |            300686.06 |             309388.03 |            298382.79 |              311691.3 |
| 2014-02-05      |             302222.9 |             311429.38 |             299786.1 |             313866.19 |
| 2014-02-06      |            303756.03 |             313474.45 |            301183.72 |             316046.76 |
| 2014-02-07      |            305285.44 |             315523.23 |            302575.66 |             318233.01 |
| 2014-02-08      |            306811.14 |             317575.72 |            303961.93 |             320424.94 |
| 2014-02-09      |            308333.15 |             319631.91 |            305342.55 |             322622.51 |
| 2014-02-10      |            309851.49 |             321691.77 |            306717.55 |              324825.7 |
| 2014-02-11      |            311366.17 |             323755.28 |            308086.97 |             327034.48 |
| 2014-02-12      |            312877.22 |             325822.42 |            309450.83 |             329248.81 |
| 2014-02-13      |            314384.67 |             327893.16 |            310809.18 |             331468.64 |
| 2014-02-14      |            315888.54 |             329967.48 |            312162.07 |             333693.95 |
| 2014-02-15      |            317388.86 |             332045.35 |            313509.53 |             335924.69 |
| 2014-02-16      |            318885.67 |             334126.73 |            314851.61 |              338160.8 |
| 2014-02-17      |            320378.99 |             336211.61 |            316188.35 |             340402.25 |
| 2014-02-18      |            321868.85 |             338299.94 |             317519.8 |             342648.99 |
| 2014-02-19      |            323355.28 |              340391.7 |            318846.01 |             344900.97 |
| 2014-02-20      |            324838.31 |             342486.87 |            320167.02 |             347158.16 |
| 2014-02-21      |            326317.97 |              344585.4 |            321482.87 |              349420.5 |
| 2014-02-22      |            327794.29 |             346687.27 |            322793.62 |             351687.94 |
| 2014-02-23      |             329267.3 |             348792.46 |             324099.3 |             353960.45 |
| 2014-02-24      |            330737.02 |             350900.92 |            325399.96 |             356237.99 |
| 2014-02-25      |            332203.49 |             353012.65 |            326695.65 |             358520.49 |
| 2014-02-26      |            333666.74 |             355127.59 |            327986.39 |             360807.94 |
| 2014-02-27      |            335126.78 |             357245.74 |            329272.25 |             363100.28 |
| 2014-02-28      |            336583.65 |             359367.06 |            330553.25 |             365397.47 |
| 2014-03-01      |            338037.38 |             361491.53 |            331829.44 |             367699.47 |
| 2014-03-02      |            339487.99 |             363619.12 |            333100.86 |             370006.24 |
| 2014-03-03      |             340935.5 |              365749.8 |            334367.55 |             372317.75 |
| 2014-03-04      |            342379.94 |             367883.55 |            335629.54 |             374633.95 |
| 2014-03-05      |            343821.34 |             370020.35 |            336886.88 |              376954.8 |
| 2014-03-06      |            345259.71 |             372160.16 |            338139.59 |             379280.28 |
| 2014-03-07      |            346695.09 |             374302.98 |            339387.73 |             381610.34 |
| 2014-03-08      |             348127.5 |             376448.76 |            340631.31 |             383944.95 |
| 2014-03-09      |            349556.95 |              378597.5 |            341870.38 |             386284.07 |
| 2014-03-10      |            350983.48 |             380749.17 |            343104.97 |             388627.67 |
| 2014-03-11      |             352407.1 |             382903.74 |            344335.12 |             390975.72 |
| 2014-03-12      |            353827.83 |              385061.2 |            345560.86 |             393328.17 |
| 2014-03-13      |             355245.7 |             387221.52 |            346782.21 |             395685.01 |
| 2014-03-14      |            356660.73 |             389384.69 |            347999.21 |              398046.2 |
| 2014-03-15      |            358072.93 |             391550.68 |             349211.9 |              400411.7 |
| 2014-03-16      |            359482.33 |             393719.47 |             350420.3 |              402781.5 |
| 2014-03-17      |            360888.94 |             395891.05 |            351624.45 |             405155.55 |
| 2014-03-18      |            362292.79 |             398065.39 |            352824.36 |             407533.83 |
| 2014-03-19      |             363693.9 |             400242.48 |            354020.08 |              409916.3 |
| 2014-03-20      |            365092.28 |             402422.29 |            355211.62 |             412302.95 |
| 2014-03-21      |            366487.95 |             404604.82 |            356399.02 |             414693.74 |
| 2014-03-22      |            367880.92 |             406790.03 |            357582.31 |             417088.65 |
| 2014-03-23      |            369271.23 |             408977.92 |             358761.5 |             419487.65 |
| 2014-03-24      |            370658.87 |             411168.47 |            359936.63 |             421890.71 |
| 2014-03-25      |            372043.88 |             413361.65 |            361107.73 |             424297.81 |
| 2014-03-26      |            373426.26 |             415557.46 |            362274.81 |             426708.92 |
| 2014-03-27      |            374806.04 |             417755.88 |            363437.91 |             429124.01 |
| 2014-03-28      |            376183.23 |             419956.89 |            364597.04 |             431543.07 |
| 2014-03-29      |            377557.84 |             422160.47 |            365752.23 |             433966.07 |
| 2014-03-30      |            378929.89 |             424366.61 |            366903.51 |             436392.99 |
| 2014-03-31      |            380299.39 |              426575.3 |             368050.9 |             438823.79 |
| 2014-04-01      |            381666.37 |             428786.52 |            369194.42 |             441258.47 |
| 2014-04-02      |            383030.83 |             431000.25 |            370334.09 |             443696.99 |
| 2014-04-03      |            384392.79 |             433216.48 |            371469.93 |             446139.33 |
| 2014-04-04      |            385752.26 |              435435.2 |            372601.98 |             448585.48 |
| 2014-04-05      |            387109.26 |             437656.39 |            373730.24 |             451035.41 |
| 2014-04-06      |             388463.8 |             439880.04 |            374854.74 |              453489.1 |
| 2014-04-07      |             389815.9 |             442106.14 |            375975.51 |             455946.53 |
| 2014-04-08      |            391165.56 |             444334.67 |            377092.55 |             458407.68 |
| 2014-04-09      |            392512.81 |             446565.61 |             378205.9 |             460872.53 |
| 2014-04-10      |            393857.65 |             448798.97 |            379315.56 |             463341.06 |
| 2014-04-11      |             395200.1 |             451034.71 |            380421.57 |             465813.24 |
| 2014-04-12      |            396540.16 |             453272.84 |            381523.93 |             468289.07 |
| 2014-04-13      |            397877.86 |             455513.33 |            382622.67 |             470768.52 |
| 2014-04-14      |             399213.2 |             457756.18 |            383717.81 |             473251.57 |
| 2014-04-15      |             400546.2 |             460001.38 |            384809.37 |             475738.21 |
| 2014-04-16      |            401876.87 |             462248.91 |            385897.35 |             478228.42 |
| 2014-04-17      |            403205.21 |             464498.75 |            386981.79 |             480722.17 |
| 2014-04-18      |            404531.25 |             466750.91 |             388062.7 |             483219.46 |
| 2014-04-19      |            405854.98 |             469005.37 |            389140.09 |             485720.26 |
| 2014-04-20      |            407176.43 |             471262.11 |            390213.98 |             488224.56 |
| 2014-04-21      |            408495.61 |             473521.13 |             391284.4 |             490732.34 |
| 2014-04-22      |            409812.52 |             475782.41 |            392351.34 |             493243.58 |
| 2014-04-23      |            411127.17 |             478045.95 |            393414.85 |             495758.27 |
| 2014-04-24      |            412439.59 |             480311.73 |            394474.92 |              498276.4 |
| 2014-04-25      |            413749.76 |             482579.74 |            395531.57 |             500797.93 |
| 2014-04-26      |            415057.72 |             484849.98 |            396584.82 |             503322.87 |
| 2014-04-27      |            416363.46 |             487122.43 |            397634.69 |              505851.2 |
| 2014-04-28      |               417667 |             489397.08 |            398681.19 |             508382.89 |
| 2014-04-29      |            418968.35 |             491673.93 |            399724.34 |             510917.94 |
| 2014-04-30      |            420267.51 |             493952.96 |            400764.15 |             513456.32 |
| 2014-05-01      |             421564.5 |             496234.17 |            401800.63 |             515998.03 |
| 2014-05-02      |            422859.32 |             498517.53 |             402833.8 |             518543.05 |
| 2014-05-03      |            424151.99 |             500803.06 |            403863.67 |             521091.37 |
| 2014-05-04      |            425442.51 |             503090.73 |            404890.27 |             523642.97 |
| 2014-05-05      |            426730.89 |             505380.54 |            405913.59 |             526197.84 |
| 2014-05-06      |            428017.15 |             507672.47 |            406933.66 |             528755.96 |
| 2014-05-07      |            429301.29 |             509966.53 |            407950.49 |             531317.32 |
| 2014-05-08      |            430583.32 |             512262.69 |             408964.1 |             533881.91 |
| 2014-05-09      |            431863.25 |             514560.96 |            409974.49 |             536449.72 |
| 2014-05-10      |            433141.08 |             516861.31 |            410981.67 |             539020.72 |
| 2014-05-11      |            434416.83 |             519163.76 |            411985.67 |             541594.91 |
| 2014-05-12      |             435690.5 |             521468.28 |             412986.5 |             544172.28 |
| 2014-05-13      |            436962.11 |             523774.86 |            413984.16 |             546752.81 |
| 2014-05-14      |            438231.66 |             526083.51 |            414978.67 |             549336.49 |
| 2014-05-15      |            439499.15 |             528394.21 |            415970.05 |             551923.31 |
| 2014-05-16      |             440764.6 |             530706.95 |             416958.3 |             554513.25 |
| 2014-05-17      |            442028.02 |             533021.73 |            417943.44 |             557106.31 |
| 2014-05-18      |             443289.4 |             535338.53 |            418925.47 |             559702.47 |
| 2014-05-19      |            444548.77 |             537657.36 |            419904.42 |             562301.71 |
| 2014-05-20      |            445806.12 |              539978.2 |            420880.28 |             564904.04 |
| 2014-05-21      |            447061.47 |             542301.04 |            421853.08 |             567509.43 |
| 2014-05-22      |            448314.83 |             544625.88 |            422822.83 |             570117.88 |
| 2014-05-23      |            449566.19 |             546952.71 |            423789.53 |             572729.37 |
| 2014-05-24      |            450815.57 |             549281.53 |             424753.2 |             575343.89 |
| 2014-05-25      |            452062.97 |             551612.32 |            425713.85 |             577961.44 |
| 2014-05-26      |             453308.4 |             553945.07 |            426671.49 |             580581.99 |
| 2014-05-27      |            454551.88 |             556279.79 |            427626.12 |             583205.55 |
| 2014-05-28      |            455793.39 |             558616.47 |            428577.77 |             585832.09 |
| 2014-05-29      |            457032.97 |             560955.09 |            429526.44 |             588461.61 |
| 2014-05-30      |             458270.6 |             563295.65 |            430472.14 |              591094.1 |
| 2014-05-31      |            459506.29 |             565638.15 |            431414.89 |             593729.55 |
| 2014-06-01      |            460740.06 |             567982.57 |            432354.68 |             596367.95 |
| 2014-06-02      |            461971.91 |             570328.92 |            433291.54 |             599009.28 |
| 2014-06-03      |            463201.84 |             572677.17 |            434225.47 |             601653.55 |
| 2014-06-04      |            464429.87 |             575027.34 |            435156.49 |             604300.72 |
| 2014-06-05      |            465655.99 |             577379.41 |            436084.59 |             606950.81 |
| 2014-06-06      |            466880.23 |             579733.37 |             437009.8 |             609603.79 |
| 2014-06-07      |            468102.57 |             582089.22 |            437932.12 |             612259.67 |
| 2014-06-08      |            469323.03 |             584446.95 |            438851.57 |             614918.42 |
| 2014-06-09      |            470541.61 |             586806.56 |            439768.14 |             617580.04 |
| 2014-06-10      |            471758.33 |             589168.04 |            440681.85 |             620244.51 |
| 2014-06-11      |            472973.18 |             591531.38 |            441592.71 |             622911.84 |
| 2014-06-12      |            474186.17 |             593896.58 |            442500.74 |             625582.02 |
| 2014-06-13      |            475397.31 |             596263.64 |            443405.92 |             628255.02 |
| 2014-06-14      |             476606.6 |             598632.53 |            444308.29 |             630930.85 |
| 2014-06-15      |            477814.06 |             601003.27 |            445207.84 |             633609.49 |
| 2014-06-16      |            479019.68 |             603375.84 |            446104.59 |             636290.93 |
| 2014-06-17      |            480223.47 |             605750.25 |            446998.54 |             638975.18 |
| 2014-06-18      |            481425.44 |             608126.47 |             447889.7 |             641662.21 |
| 2014-06-19      |            482625.59 |             610504.51 |            448778.08 |             644352.02 |
| 2014-06-20      |            483823.93 |             612884.37 |            449663.69 |              647044.6 |
| 2014-06-21      |            485020.46 |             615266.03 |            450546.54 |             649739.94 |
| 2014-06-22      |            486215.19 |             617649.49 |            451426.64 |             652438.04 |
| 2014-06-23      |            487408.13 |             620034.74 |            452303.99 |             655138.89 |
| 2014-06-24      |            488599.28 |             622421.79 |             453178.6 |             657842.47 |
| 2014-06-25      |            489788.64 |             624810.62 |            454050.48 |             660548.78 |
| 2014-06-26      |            490976.22 |             627201.23 |            454919.64 |             663257.81 |
| 2014-06-27      |            492162.03 |             629593.61 |            455786.09 |             665969.55 |
| 2014-06-28      |            493346.07 |             631987.76 |            456649.83 |             668684.01 |
| 2014-06-29      |            494528.34 |             634383.68 |            457510.87 |             671401.15 |
| 2014-06-30      |            495708.86 |             636781.36 |            458369.23 |             674120.99 |
| 2014-07-01      |            496887.62 |             639180.79 |             459224.9 |             676843.51 |
| 2014-07-02      |            498064.64 |             641581.96 |             460077.9 |             679568.71 |
| 2014-07-03      |            499239.91 |             643984.89 |            460928.23 |             682296.57 |
| 2014-07-04      |            500413.44 |             646389.55 |             461775.9 |             685027.09 |
| 2014-07-05      |            501585.24 |             648795.94 |            462620.92 |             687760.26 |
| 2014-07-06      |            502755.31 |             651204.06 |             463463.3 |             690496.08 |
| 2014-07-07      |            503923.66 |             653613.91 |            464303.04 |             693234.53 |
| 2014-07-08      |            505090.28 |             656025.48 |            465140.15 |             695975.61 |
| 2014-07-09      |            506255.19 |             658438.76 |            465974.63 |             698719.32 |
| 2014-07-10      |            507418.39 |             660853.75 |            466806.51 |             701465.64 |
| 2014-07-11      |            508579.89 |             663270.45 |            467635.77 |             704214.57 |
| 2014-07-12      |            509739.68 |             665688.85 |            468462.43 |              706966.1 |
| 2014-07-13      |            510897.78 |             668108.94 |             469286.5 |             709720.22 |
| 2014-07-14      |            512054.19 |             670530.73 |            470107.98 |             712476.93 |
| 2014-07-15      |            513208.91 |              672954.2 |            470926.88 |             715236.23 |
| 2014-07-16      |            514361.94 |             675379.36 |            471743.21 |             717998.09 |
| 2014-07-17      |             515513.3 |             677806.19 |            472556.97 |             720762.52 |
| 2014-07-18      |            516662.99 |              680234.7 |            473368.17 |             723529.52 |
| 2014-07-19      |               517811 |             682664.88 |            474176.82 |             726299.06 |
| 2014-07-20      |            518957.35 |             685096.72 |            474982.92 |             729071.15 |
| 2014-07-21      |            520102.04 |             687530.22 |            475786.48 |             731845.79 |
| 2014-07-22      |            521245.07 |             689965.38 |             476587.5 |             734622.95 |
| 2014-07-23      |            522386.45 |              692402.2 |               477386 |             737402.65 |
| 2014-07-24      |            523526.18 |             694840.66 |            478181.98 |             740184.86 |
| 2014-07-25      |            524664.27 |             697280.76 |            478975.45 |             742969.59 |
| 2014-07-26      |            525800.72 |             699722.51 |             479766.4 |             745756.82 |
| 2014-07-27      |            526935.53 |             702165.89 |            480554.86 |             748546.56 |
| 2014-07-28      |            528068.71 |              704610.9 |            481340.82 |              751338.8 |
| 2014-07-29      |            529200.26 |             707057.54 |            482124.29 |             754133.52 |
| 2014-07-30      |            530330.19 |             709505.81 |            482905.27 |             756930.73 |
| 2014-07-31      |             531458.5 |             711955.69 |            483683.78 |             759730.41 |
| 2014-08-01      |            532585.19 |             714407.19 |            484459.82 |             762532.56 |
| 2014-08-02      |            533710.28 |              716860.3 |            485233.39 |             765337.18 |
| 2014-08-03      |            534833.75 |             719315.02 |            486004.51 |             768144.26 |
| 2014-08-04      |            535955.62 |             721771.34 |            486773.17 |             770953.79 |
| 2014-08-05      |            537075.89 |             724229.27 |            487539.38 |             773765.77 |
| 2014-08-06      |            538194.56 |             726688.79 |            488303.15 |             776580.19 |
| 2014-08-07      |            539311.64 |              729149.9 |            489064.49 |             779397.05 |
| 2014-08-08      |            540427.13 |              731612.6 |             489823.4 |             782216.34 |
| 2014-08-09      |            541541.04 |             734076.89 |            490579.88 |             785038.05 |
| 2014-08-10      |            542653.36 |             736542.75 |            491333.94 |             787862.18 |
| 2014-08-11      |            543764.11 |              739010.2 |            492085.59 |             790688.72 |
| 2014-08-12      |            544873.28 |             741479.22 |            492834.83 |             793517.67 |
| 2014-08-13      |            545980.88 |             743949.81 |            493581.67 |             796349.02 |
| 2014-08-14      |            547086.92 |             746421.97 |            494326.12 |             799182.77 |
| 2014-08-15      |            548191.39 |             748895.69 |            495068.17 |             802018.91 |
| 2014-08-16      |             549294.3 |             751370.97 |            495807.84 |             804857.43 |
| 2014-08-17      |            550395.66 |              753847.8 |            496545.13 |             807698.33 |
| 2014-08-18      |            551495.46 |             756326.19 |            497280.05 |             810541.61 |
| 2014-08-19      |            552593.72 |             758806.13 |            498012.59 |             813387.26 |
| 2014-08-20      |            553690.43 |             761287.62 |            498742.77 |             816235.27 |
| 2014-08-21      |            554785.59 |             763770.64 |            499470.59 |             819085.64 |
| 2014-08-22      |            555879.22 |             766255.21 |            500196.06 |             821938.37 |
| 2014-08-23      |            556971.31 |             768741.31 |            500919.18 |             824793.44 |
| 2014-08-24      |            558061.87 |             771228.94 |            501639.96 |             827650.86 |
| 2014-08-25      |             559150.9 |              773718.1 |             502358.4 |             830510.61 |
| 2014-08-26      |            560238.41 |             776208.79 |             503074.5 |              833372.7 |
| 2014-08-27      |            561324.39 |                778701 |            503788.28 |             836237.11 |
| 2014-08-28      |            562408.86 |             781194.73 |            504499.74 |             839103.85 |
| 2014-08-29      |            563491.81 |             783689.97 |            505208.87 |              841972.9 |
| 2014-08-30      |            564573.24 |             786186.73 |             505915.7 |             844844.27 |
| 2014-08-31      |            565653.17 |             788684.99 |            506620.22 |             847717.95 |
| 2014-09-01      |            566731.59 |             791184.76 |            507322.43 |             850593.93 |
| 2014-09-02      |            567808.51 |             793686.03 |            508022.34 |              853472.2 |
| 2014-09-03      |            568883.93 |             796188.81 |            508719.97 |             856352.77 |
| 2014-09-04      |            569957.86 |             798693.08 |             509415.3 |             859235.63 |
| 2014-09-05      |            571030.28 |             801198.84 |            510108.35 |             862120.78 |
| 2014-09-06      |            572101.22 |             803706.09 |            510799.12 |              865008.2 |
| 2014-09-07      |            573170.68 |             806214.83 |            511487.61 |              867897.9 |
| 2014-09-08      |            574238.64 |             808725.06 |            512173.84 |             870789.86 |
| 2014-09-09      |            575305.13 |             811236.76 |             512857.8 |             873684.09 |
| 2014-09-10      |            576370.14 |             813749.95 |             513539.5 |             876580.59 |
| 2014-09-11      |            577433.68 |             816264.61 |            514218.95 |             879479.33 |
| 2014-09-12      |            578495.74 |             818780.74 |            514896.14 |             882380.33 |
| 2014-09-13      |            579556.33 |             821298.33 |            515571.09 |             885283.58 |
| 2014-09-14      |            580615.46 |              823817.4 |            516243.79 |             888189.07 |
| 2014-09-15      |            581673.12 |             826337.93 |            516914.26 |             891096.79 |
| 2014-09-16      |            582729.33 |             828859.92 |            517582.49 |             894006.75 |
| 2014-09-17      |            583784.07 |             831383.36 |             518248.5 |             896918.94 |
| 2014-09-18      |            584837.37 |             833908.26 |            518912.28 |             899833.35 |
| 2014-09-19      |            585889.21 |             836434.62 |            519573.84 |             902749.98 |
| 2014-09-20      |             586939.6 |             838962.42 |            520233.19 |             905668.83 |
| 2014-09-21      |            587988.54 |             841491.66 |            520890.32 |             908589.89 |
| 2014-09-22      |            589036.05 |             844022.35 |            521545.25 |             911513.15 |
| 2014-09-23      |            590082.11 |             846554.48 |            522197.97 |             914438.62 |
| 2014-09-24      |            591126.73 |             849088.05 |             522848.5 |             917366.29 |
| 2014-09-25      |            592169.92 |             851623.05 |            523496.83 |             920296.15 |
| 2014-09-26      |            593211.68 |             854159.49 |            524142.97 |              923228.2 |
| 2014-09-27      |            594252.01 |             856697.35 |            524786.93 |             926162.44 |
| 2014-09-28      |            595290.91 |             859236.64 |             525428.7 |             929098.85 |
| 2014-09-29      |            596328.39 |             861777.35 |             526068.3 |             932037.45 |
| 2014-09-30      |            597364.45 |             864319.49 |            526705.72 |             934978.22 |
| 2014-10-01      |            598399.09 |             866863.04 |            527340.97 |             937921.16 |
| 2014-10-02      |            599432.31 |             869408.01 |            527974.06 |             940866.26 |
| 2014-10-03      |            600464.12 |             871954.39 |            528604.99 |             943813.53 |
| 2014-10-04      |            601494.52 |             874502.19 |            529233.76 |             946762.95 |
| 2014-10-05      |            602523.52 |             877051.39 |            529860.38 |             949714.53 |
| 2014-10-06      |             603551.1 |             879601.99 |            530484.85 |             952668.25 |
| 2014-10-07      |            604577.29 |                882154 |            531107.17 |             955624.12 |
| 2014-10-08      |            605602.07 |             884707.41 |            531727.35 |             958582.13 |
| 2014-10-09      |            606625.46 |             887262.22 |            532345.39 |             961542.28 |
| 2014-10-10      |            607647.45 |             889818.42 |             532961.3 |             964504.56 |
| 2014-10-11      |            608668.05 |             892376.01 |            533575.09 |             967468.97 |
| 2014-10-12      |            609687.26 |                894935 |            534186.74 |             970435.51 |
| 2014-10-13      |            610705.08 |             897495.37 |            534796.27 |             973404.17 |
| 2014-10-14      |            611721.51 |             900057.12 |            535403.69 |             976374.95 |
| 2014-10-15      |            612736.57 |             902620.26 |            536008.99 |             979347.84 |
| 2014-10-16      |            613750.24 |             905184.78 |            536612.18 |             982322.84 |
| 2014-10-17      |            614762.54 |             907750.68 |            537213.26 |             985299.95 |
| 2014-10-18      |            615773.46 |             910317.95 |            537812.24 |             988279.17 |
| 2014-10-19      |            616783.01 |             912886.59 |            538409.12 |             991260.48 |
| 2014-10-20      |            617791.19 |             915456.61 |            539003.91 |             994243.89 |
| 2014-10-21      |               618798 |             918027.99 |             539596.6 |             997229.39 |
| 2014-10-22      |            619803.44 |             920600.74 |            540187.21 |            1000216.97 |
| 2014-10-23      |            620807.52 |             923174.85 |            540775.72 |            1003206.65 |
| 2014-10-24      |            621810.24 |             925750.32 |            541362.16 |             1006198.4 |
| 2014-10-25      |             622811.6 |             928327.15 |            541946.52 |            1009192.23 |
| 2014-10-26      |            623811.61 |             930905.34 |            542528.81 |            1012188.14 |
| 2014-10-27      |            624810.26 |             933484.88 |            543109.03 |            1015186.11 |
| 2014-10-28      |            625807.56 |             936065.77 |            543687.18 |            1018186.16 |
| 2014-10-29      |            626803.52 |             938648.01 |            544263.26 |            1021188.26 |
| 2014-10-30      |            627798.12 |              941231.6 |            544837.29 |            1024192.43 |
| 2014-10-31      |            628791.38 |             943816.53 |            545409.26 |            1027198.65 |
| 2014-11-01      |             629783.3 |             946402.81 |            545979.18 |            1030206.93 |
| 2014-11-02      |            630773.88 |             948990.42 |            546547.04 |            1033217.25 |
| 2014-11-03      |            631763.12 |             951579.37 |            547112.87 |            1036229.62 |
| 2014-11-04      |            632751.02 |             954169.66 |            547676.64 |            1039244.04 |
| 2014-11-05      |            633737.59 |             956761.28 |            548238.38 |            1042260.49 |
| 2014-11-06      |            634722.83 |             959354.24 |            548798.09 |            1045278.98 |
| 2014-11-07      |            635706.74 |             961948.52 |            549355.76 |             1048299.5 |
| 2014-11-08      |            636689.33 |             964544.13 |             549911.4 |            1051322.05 |
| 2014-11-09      |            637670.58 |             967141.06 |            550465.02 |            1054346.63 |
| 2014-11-10      |            638650.52 |             969739.32 |            551016.61 |            1057373.23 |
| 2014-11-11      |            639629.14 |             972338.89 |            551566.19 |            1060401.85 |
| 2014-11-12      |            640606.44 |             974939.79 |            552113.74 |            1063432.48 |
| 2014-11-13      |            641582.42 |                977542 |            552659.29 |            1066465.13 |
| 2014-11-14      |            642557.09 |             980145.52 |            553202.83 |            1069499.78 |
| 2014-11-15      |            643530.44 |             982750.36 |            553744.36 |            1072536.44 |
| 2014-11-16      |            644502.49 |              985356.5 |            554283.89 |            1075575.11 |
| 2014-11-17      |            645473.23 |             987963.96 |            554821.41 |            1078615.77 |
| 2014-11-18      |            646442.67 |             990572.71 |            555356.94 |            1081658.44 |
| 2014-11-19      |             647410.8 |             993182.78 |            555890.48 |            1084703.09 |
| 2014-11-20      |            648377.63 |             995794.14 |            556422.03 |            1087749.74 |
| 2014-11-21      |            649343.16 |              998406.8 |            556951.59 |            1090798.37 |
| 2014-11-22      |            650307.39 |            1001020.76 |            557479.17 |            1093848.98 |
| 2014-11-23      |            651270.33 |            1003636.02 |            558004.76 |            1096901.58 |
| 2014-11-24      |            652231.97 |            1006252.56 |            558528.38 |            1099956.16 |
| 2014-11-25      |            653192.32 |             1008870.4 |            559050.02 |             1103012.7 |
| 2014-11-26      |            654151.39 |            1011489.53 |             559569.7 |            1106071.23 |
| 2014-11-27      |            655109.17 |            1014109.95 |             560087.4 |            1109131.71 |
| 2014-11-28      |            656065.66 |            1016731.65 |            560603.14 |            1112194.17 |
| 2014-11-29      |            657020.87 |            1019354.63 |            561116.91 |            1115258.59 |
| 2014-11-30      |            657974.79 |             1021978.9 |            561628.73 |            1118324.96 |
| 2014-12-01      |            658927.44 |            1024604.44 |            562138.59 |             1121393.3 |
| 2014-12-02      |            659878.81 |            1027231.26 |            562646.49 |            1124463.58 |
| 2014-12-03      |            660828.91 |            1029859.36 |            563152.45 |            1127535.82 |
| 2014-12-04      |            661777.73 |            1032488.73 |            563656.46 |            1130610.01 |
| 2014-12-05      |            662725.28 |            1035119.37 |            564158.52 |            1133686.13 |
| 2014-12-06      |            663671.56 |            1037751.28 |            564658.64 |            1136764.21 |
| 2014-12-07      |            664616.58 |            1040384.46 |            565156.82 |            1139844.22 |
| 2014-12-08      |            665560.32 |            1043018.91 |            565653.07 |            1142926.16 |
| 2014-12-09      |            666502.81 |            1045654.62 |            566147.39 |            1146010.04 |
| 2014-12-10      |            667444.03 |            1048291.59 |            566639.77 |            1149095.85 |
| 2014-12-11      |            668383.99 |            1050929.82 |            567130.23 |            1152183.58 |
| 2014-12-12      |             669322.7 |            1053569.31 |            567618.76 |            1155273.24 |
| 2014-12-13      |            670260.14 |            1056210.05 |            568105.37 |            1158364.82 |
| 2014-12-14      |            671196.33 |            1058852.05 |            568590.06 |            1161458.32 |
| 2014-12-15      |            672131.27 |            1061495.31 |            569072.84 |            1164553.74 |
| 2014-12-16      |            673064.96 |            1064139.81 |             569553.7 |            1167651.07 |
| 2014-12-17      |             673997.4 |            1066785.56 |            570032.66 |            1170750.31 |
| 2014-12-18      |             674928.6 |            1069432.56 |             570509.7 |            1173851.45 |
| 2014-12-19      |            675858.54 |            1072080.81 |            570984.85 |            1176954.51 |
| 2014-12-20      |            676787.25 |             1074730.3 |            571458.08 |            1180059.46 |
| 2014-12-21      |            677714.71 |            1077381.03 |            571929.42 |            1183166.31 |
| 2014-12-22      |            678640.93 |               1080033 |            572398.87 |            1186275.06 |
| 2014-12-23      |            679565.91 |            1082686.21 |            572866.42 |             1189385.7 |
| 2014-12-24      |            680489.66 |            1085340.65 |            573332.08 |            1192498.24 |
| 2014-12-25      |            681412.17 |            1087996.33 |            573795.85 |            1195612.66 |
| 2014-12-26      |            682333.45 |            1090653.25 |            574257.73 |            1198728.97 |
| 2014-12-27      |             683253.5 |            1093311.39 |            574717.73 |            1201847.16 |
| 2014-12-28      |            684172.32 |            1095970.76 |            575175.86 |            1204967.23 |
| 2014-12-29      |            685089.91 |            1098631.37 |             575632.1 |            1208089.18 |
| 2014-12-30      |            686006.28 |            1101293.19 |            576086.47 |               1211213 |
| 2014-12-31      |            686921.42 |            1103956.25 |            576538.97 |             1214338.7 |
| 2015-01-01      |            687835.34 |            1106620.52 |            576989.59 |            1217466.26 |
| 2015-01-02      |            688748.03 |            1109286.02 |            577438.35 |             1220595.7 |
| 2015-01-03      |            689659.51 |            1111952.73 |            577885.25 |            1223726.99 |
| 2015-01-04      |            690569.77 |            1114620.66 |            578330.28 |            1226860.15 |
| 2015-01-05      |            691478.82 |            1117289.81 |            578773.45 |            1229995.17 |
| 2015-01-06      |            692386.65 |            1119960.17 |            579214.77 |            1233132.05 |
| 2015-01-07      |            693293.27 |            1122631.75 |            579654.23 |            1236270.78 |
| 2015-01-08      |            694198.67 |            1125304.53 |            580091.84 |            1239411.36 |
| 2015-01-09      |            695102.87 |            1127978.53 |            580527.61 |            1242553.79 |
| 2015-01-10      |            696005.86 |            1130653.73 |            580961.52 |            1245698.07 |
| 2015-01-11      |            696907.65 |            1133330.13 |            581393.59 |            1248844.19 |
| 2015-01-12      |            697808.23 |            1136007.75 |            581823.82 |            1251992.15 |
| 2015-01-13      |            698707.61 |            1138686.56 |            582252.21 |            1255141.96 |
| 2015-01-14      |            699605.78 |            1141366.58 |            582678.76 |             1258293.6 |
| 2015-01-15      |            700502.76 |            1144047.79 |            583103.48 |            1261447.07 |
| 2015-01-16      |            701398.54 |             1146730.2 |            583526.37 |            1264602.37 |
| 2015-01-17      |            702293.13 |            1149413.81 |            583947.43 |            1267759.51 |
| 2015-01-18      |            703186.52 |            1152098.62 |            584366.66 |            1270918.47 |
+-----------------+----------------------+-----------------------+----------------------+-----------------------+
